27.0 58.0 0.7508543490391358 0.0
33.66162785232564 62.90610568410543 0.7834091895494025 0.0611245316609314
41.13671666781424 66.50596312071356 0.8157480480057587 0.08668326399092993
49.09856363980248 68.90670830067873 0.8483097276780778 0.09324953389430392
57.31496034381562 70.28563254711239 0.8814229927808683 0.09306676466396091
65.63841194108592 70.85829608497423 0.9153254412757263 0.0951421810833588
73.98991461038088 70.85802281453951 0.9501805287614047 0.10605062306748812
82.33970157493516 70.52457411631488 0.9860954488913926 0.13051797648489638
90.68680024608373 70.09940886567178 0.9772530499403845 0.1718369226292668
99.03817385523078 69.82478587262038 0.9413214993274039 0.23215313366121432
107.38761507319292 69.94389610954961 0.9062092682712181 0.3126475613874775
115.69441059264209 70.69914707515356 0.871834378537088 0.4136295889417633
123.86211875381261 72.32564821995082 0.8380580481421536 0.5345459350294046
131.71862494649156 75.03691970791466 0.8046647676256813 0.6739006610818588
139.0 79.0 0.7713422413982561 0.8290717186201708
143.48724379382395 82.74797946395486 0.7843100572914632 0.94716793702753
147.2119020231836 87.26278515761024 0.7963583249454782 1.0697025420318602
150.10219868130073 92.35857149101696 0.8077377553622351 1.1933274621674952
152.1272915650254 97.86105525760077 0.818684431236185 1.3154475458064883
153.28952872145322 103.61260810791542 0.8294205100165399 1.434021682170086
153.617479047454 109.47549879179526 0.8401539797159997 1.5474121854386007
153.1597261372607 115.33380152189366 0.8510779041733422 1.654272084483163
151.9793734386026 121.09430618552294 0.8623694461351806 1.7534621438331048
150.14921906235864 126.6866437502248 0.874188856259436 1.8439911891655203
147.7475905548656 132.0627674699677 0.8866785513472207 1.9249747013559657
144.854863979777 137.19589512496472 0.89996236779074 1.9956077479254986
141.55071600432203 142.07900585977296 0.9141450608006862 2.0551492012428136
137.91216676376976 146.72298386706186 0.9293121217241612 2.102914902132767
134.01246416432042 151.15449854889633 0.9455299998874546 2.1382780115749735
129.92083907526688 155.41369806361118 0.962846836681809 2.160675292644103
125.70312891270021 159.5517651304538 0.9812938426685515 2.169618516842472
121.42322733259306 163.6283393449392 0.9991131216539249 2.1647106284172835
117.14527119403205 167.70875164107386 0.9787128391740209 2.145666761037249
112.9364210686323 171.86095004013129 0.9578495563721019 2.1123407172791366
108.8700242154757 176.15193073568815 0.9366004296448462 2.064758127984359
105.02886328319171 180.6434371114794 0.9150347846688175 2.003158243961399
101.50808424095978 185.38666663162329 0.8932070259944703 1.9280472206413726
98.41725975083484 190.4157498946524 0.8711493740357567 1.8402668903750008
95.88088105909603 195.73985886428216 0.8488642866859031 1.7410844443042581
94.0363921839297 201.33398679519718 0.826316227586037 1.632310252229392
93.02870527068536 207.12874786731734 0.8034221915441299 1.5164533427177684
93.0 213.0 0.7800400799881282 1.3969269739823515
94.32721145661084 220.12055550601832 0.7928467250492103 1.2502978209484474
96.89089249527947 226.90277105739602 0.8048932490119989 1.106802155596047
100.54282937622784 233.17405104483936 0.8164300514855622 0.9682725640721502
105.12467412200405 238.8094939217216 0.8276801637296265 0.8360850936400747
110.47717574449642 243.72702498677825 0.838841455780535 0.7113000157034461
116.44723899038375 247.8821979951403 0.8500882164927378 0.5947625595009416
122.89321777083441 251.2629251288424 0.8615723571720277 0.4871736284623276
129.68872626666055 253.88430497255285 0.87342439764794 0.3891380744001545
136.725165095819 255.78368250977513 0.8857543393705124 0.30119623657186995
143.91310923478568 257.01606428016646 0.8986525015619956 0.22384302424609212
151.18267998380372 257.65000636605873 0.912190385492737 0.15753772671992175
158.48301484929732 257.76408141231195 0.9264216324657376 0.10270688780781659
165.78094700394894 257.4440081168307 0.9413831480345533 0.05974191291340872
173.0590022464799 256.7804915901743 0.9570964739955596 0.028992528514625734
180.31281136976128 255.86777740717213 0.9735694971878245 0.010756737734374707
187.5480181619134 254.8028690483853 0.9907985875781334 0.005267468989618966
194.77673974853295 253.68530086392352 0.991286067673376 0.01267565804354615
202.01361120450665 252.61729923841764 0.9730850926480471 0.03302899828284898
209.27142688147876 251.7041051154444 0.9547186053622175 0.0662449987885214
216.55638442914577 251.05417284127293 0.9362364824896744 0.11207625865357446
223.8629520964538 250.77890501261328 0.9176777773465057 0.17006494388418203
231.1684232750381 250.99153329183247 0.8990662510528737 0.2394822711497856
238.42730115487257 251.80471545954046 0.8804059157494792 0.3192472720029558
245.5657762760701 253.32639631970278 0.8616764770444593 0.4078171168073538
252.476724780619 255.65348459717453 0.8428284752674496 0.5030386702846444
259.0158682818102 258.8629436609055 0.8237778193013447 0.6019475400580814
265.0 263.0 0.804399277373082 0.7004964306595745
272.72478297218737 270.50953664724636 0.8210122613023885 0.8379695954992615
279.2381802175005 279.10620567491503 0.8372485134416269 0.965483266918886
284.52676319159883 288.5182989062782 0.8532788499492532 1.0819239407319985
288.63237200920497 298.51341801825225 0.8692398556971301 1.1865669749222707
291.6373295651396 308.90117914155 0.8852385297385781 1.2789587051348226
293.6522038585126 319.53270518737605 0.901356165854782 1.3588429136353293
294.80609783075215 330.29787968580064 0.917651768007804 1.4261198008567348
295.2393109981279 341.12110366409127 0.9341652317547267 1.4808299247661123
295.0981287315448 351.9561078393344 0.9509204723797275 1.5231589846361795
294.5314363538942 362.780215851236 0.967928640151063 1.553462235834987
293.6888167750426 373.58832466327755 0.9851915282985036 1.5723100806377004
292.71976622006054 384.3867633384023 0.9973002291207806 1.5805593188040716
291.773648422955 395.18711102331065 0.9798451208452812 1.5794580118296233
291.0 406.0 0.9626130989597014 1.5707963267948966
